  4.980469e+19   9.960938e+03   9.960938e+03
  4.941406e+19   9.882812e+03   9.882812e+03
  4.902344e+19   9.804688e+03   9.804688e+03
  4.863281e+19   9.726562e+03   9.726562e+03
  4.824219e+19   9.648438e+03   9.648438e+03
  4.785156e+19   9.570312e+03   9.570312e+03
  4.746094e+19   9.492188e+03   9.492188e+03
  4.707031e+19   9.414062e+03   9.414062e+03
  4.667969e+19   9.335938e+03   9.335938e+03
  4.628906e+19   9.257812e+03   9.257812e+03
  4.589844e+19   9.179688e+03   9.179688e+03
  4.550781e+19   9.101562e+03   9.101562e+03
  4.511719e+19   9.023438e+03   9.023438e+03
  4.472656e+19   8.945312e+03   8.945312e+03
  4.433594e+19   8.867188e+03   8.867188e+03
  4.394531e+19   8.789062e+03   8.789062e+03
  4.355469e+19   8.710938e+03   8.710938e+03
  4.316406e+19   8.632812e+03   8.632812e+03
  4.277344e+19   8.554688e+03   8.554688e+03
  4.238281e+19   8.476562e+03   8.476562e+03
  4.199219e+19   8.398438e+03   8.398438e+03
  4.160156e+19   8.320312e+03   8.320312e+03
  4.121094e+19   8.242188e+03   8.242188e+03
  4.082031e+19   8.164062e+03   8.164062e+03
  4.042969e+19   8.085938e+03   8.085938e+03
  4.003906e+19   8.007812e+03   8.007812e+03
  3.964844e+19   7.929688e+03   7.929688e+03
  3.925781e+19   7.851562e+03   7.851562e+03
  3.886719e+19   7.773438e+03   7.773438e+03
  3.847656e+19   7.695312e+03   7.695312e+03
  3.808594e+19   7.617188e+03   7.617188e+03
  3.769531e+19   7.539062e+03   7.539062e+03
  3.730469e+19   7.460938e+03   7.460938e+03
  3.691406e+19   7.382812e+03   7.382812e+03
  3.652344e+19   7.304688e+03   7.304688e+03
  3.613281e+19   7.226562e+03   7.226562e+03
  3.574219e+19   7.148438e+03   7.148438e+03
  3.535156e+19   7.070312e+03   7.070312e+03
  3.496094e+19   6.992188e+03   6.992188e+03
  3.457031e+19   6.914062e+03   6.914062e+03
  3.417969e+19   6.835938e+03   6.835938e+03
  3.378906e+19   6.757812e+03   6.757812e+03
  3.339844e+19   6.679688e+03   6.679688e+03
  3.300781e+19   6.601562e+03   6.601562e+03
  3.261719e+19   6.523438e+03   6.523438e+03
  3.222656e+19   6.445312e+03   6.445312e+03
  3.183594e+19   6.367188e+03   6.367188e+03
  3.144531e+19   6.289062e+03   6.289062e+03
  3.105469e+19   6.210938e+03   6.210938e+03
  3.066406e+19   6.132812e+03   6.132812e+03
  3.027344e+19   6.054688e+03   6.054688e+03
  2.988281e+19   5.976562e+03   5.976562e+03
  2.949219e+19   5.898438e+03   5.898438e+03
  2.910156e+19   5.820312e+03   5.820312e+03
  2.871094e+19   5.742188e+03   5.742188e+03
  2.832031e+19   5.664062e+03   5.664062e+03
  2.792969e+19   5.585938e+03   5.585938e+03
  2.753906e+19   5.507812e+03   5.507812e+03
  2.714844e+19   5.429688e+03   5.429688e+03
  2.675781e+19   5.351562e+03   5.351562e+03
  2.636719e+19   5.273438e+03   5.273438e+03
  2.597656e+19   5.195312e+03   5.195312e+03
  2.558594e+19   5.117188e+03   5.117188e+03
  2.519531e+19   5.039062e+03   5.039062e+03
  2.480469e+19   4.960938e+03   4.960938e+03
  2.441406e+19   4.882812e+03   4.882812e+03
  2.402344e+19   4.804688e+03   4.804688e+03
  2.363281e+19   4.726562e+03   4.726562e+03
  2.324219e+19   4.648438e+03   4.648438e+03
  2.285156e+19   4.570312e+03   4.570312e+03
  2.246094e+19   4.492188e+03   4.492188e+03
  2.207031e+19   4.414062e+03   4.414062e+03
  2.167969e+19   4.335938e+03   4.335938e+03
  2.128906e+19   4.257812e+03   4.257812e+03
  2.089844e+19   4.179688e+03   4.179688e+03
  2.050781e+19   4.101562e+03   4.101562e+03
  2.011719e+19   4.023438e+03   4.023438e+03
  1.972656e+19   3.945312e+03   3.945312e+03
  1.933594e+19   3.867188e+03   3.867188e+03
  1.894531e+19   3.789062e+03   3.789062e+03
  1.855469e+19   3.710938e+03   3.710938e+03
  1.816406e+19   3.632812e+03   3.632812e+03
  1.777344e+19   3.554688e+03   3.554688e+03
  1.738281e+19   3.476562e+03   3.476562e+03
  1.699219e+19   3.398438e+03   3.398438e+03
  1.660156e+19   3.320312e+03   3.320312e+03
  1.621094e+19   3.242188e+03   3.242188e+03
  1.582031e+19   3.164062e+03   3.164062e+03
  1.542969e+19   3.085938e+03   3.085938e+03
  1.503906e+19   3.007812e+03   3.007812e+03
  1.464844e+19   2.929688e+03   2.929688e+03
  1.425781e+19   2.851562e+03   2.851562e+03
  1.386719e+19   2.773438e+03   2.773438e+03
  1.347656e+19   2.695312e+03   2.695312e+03
  1.308594e+19   2.617188e+03   2.617188e+03
  1.269531e+19   2.539062e+03   2.539062e+03
  1.230469e+19   2.460938e+03   2.460938e+03
  1.191406e+19   2.382812e+03   2.382812e+03
  1.152344e+19   2.304688e+03   2.304688e+03
  1.113281e+19   2.226562e+03   2.226562e+03
  1.074219e+19   2.148438e+03   2.148438e+03
  1.035156e+19   2.070312e+03   2.070312e+03
  9.960938e+18   1.992188e+03   1.992188e+03
  9.570312e+18   1.914062e+03   1.914062e+03
  9.179688e+18   1.835938e+03   1.835938e+03
  8.789062e+18   1.757812e+03   1.757812e+03
  8.398438e+18   1.679688e+03   1.679688e+03
  8.007812e+18   1.601562e+03   1.601562e+03
  7.617188e+18   1.523438e+03   1.523438e+03
  7.226562e+18   1.445312e+03   1.445312e+03
  6.835938e+18   1.367188e+03   1.367188e+03
  6.445312e+18   1.289062e+03   1.289062e+03
  6.054688e+18   1.210938e+03   1.210938e+03
  5.664062e+18   1.132812e+03   1.132812e+03
  5.273438e+18   1.054688e+03   1.054688e+03
  4.882812e+18   9.765625e+02   9.765625e+02
  4.492188e+18   8.984375e+02   8.984375e+02
  4.101562e+18   8.203125e+02   8.203125e+02
  3.710938e+18   7.421875e+02   7.421875e+02
  3.320312e+18   6.640625e+02   6.640625e+02
  2.929688e+18   5.859375e+02   5.859375e+02
  2.539062e+18   5.078125e+02   5.078125e+02
  2.148438e+18   4.296875e+02   4.296875e+02
  1.757812e+18   3.515625e+02   3.515625e+02
  1.367188e+18   2.734375e+02   2.734375e+02
  9.765625e+17   1.953125e+02   1.953125e+02
  5.859375e+17   1.171875e+02   1.171875e+02
  1.953125e+17   3.906250e+01   3.906250e+01
