150 
0.000000 
0.000044 
0.000178 
0.000400 
0.000711 
0.001111 
0.001600 
0.002178 
0.002844 
0.003600 
0.004444 
0.005378 
0.006400 
0.007511 
0.008711 
0.010000 
0.011378 
0.012844 
0.014400 
0.016044 
0.017778 
0.019600 
0.021511 
0.023511 
0.025600 
0.027778 
0.030044 
0.032400 
0.034844 
0.037378 
0.040000 
0.042711 
0.045511 
0.048400 
0.051378 
0.054444 
0.057600 
0.060844 
0.064178 
0.067600 
0.071111 
0.074711 
0.078400 
0.082178 
0.086044 
0.090000 
0.094044 
0.098178 
0.102400 
0.106711 
0.111111 
0.115600 
0.120178 
0.124844 
0.129600 
0.134444 
0.139378 
0.144400 
0.149511 
0.154711 
0.160000 
0.165378 
0.170844 
0.176400 
0.182044 
0.187778 
0.193600 
0.199511 
0.205511 
0.211600 
0.217778 
0.224044 
0.230400 
0.236844 
0.243378 
0.250000 
0.256711 
0.263511 
0.270400 
0.277378 
0.284444 
0.291600 
0.298844 
0.306178 
0.313600 
0.321111 
0.328711 
0.336400 
0.344178 
0.352044 
0.360000 
0.368044 
0.376178 
0.384400 
0.392711 
0.401111 
0.409600 
0.418178 
0.426844 
0.435600 
0.444444 
0.453378 
0.462400 
0.471511 
0.480711 
0.490000 
0.499378 
0.508844 
0.518400 
0.528044 
0.537778 
0.547600 
0.557511 
0.567511 
0.577600 
0.587778 
0.598044 
0.608400 
0.618844 
0.629378 
0.640000 
0.650711 
0.661511 
0.672400 
0.683378 
0.694444 
0.705600 
0.716844 
0.728178 
0.739600 
0.751111 
0.762711 
0.774400 
0.786178 
0.798044 
0.810000 
0.822044 
0.834178 
0.846400 
0.858711 
0.871111 
0.883600 
0.896178 
0.908844 
0.921600 
0.934444 
0.947378 
0.960400 
0.973511 
0.986711 
1.000000 
