  3.177964e+00
  5.570203e+16   1.571285e+04   7.208000e+00
  5.641898e+16   1.597172e+04   7.208000e+00
  5.727710e+16   1.619951e+04   7.208000e+00
  5.826326e+16   1.636916e+04   7.208000e+00
  5.935360e+16   1.646071e+04   7.208000e+00
  6.051517e+16   1.645745e+04   7.208000e+00
  6.172388e+16   1.632951e+04   7.208000e+00
  6.295828e+16   1.611127e+04   7.208000e+00
  6.419711e+16   1.602875e+04   7.208000e+00
  6.542200e+16   1.718828e+04   7.208000e+00
  6.661663e+16   2.055774e+04   7.208000e+00
  6.776617e+16   2.537987e+04   7.208000e+00
  6.885717e+16   3.025665e+04   7.208000e+00
  6.987794e+16   3.342059e+04   7.208000e+00
  7.081856e+16   3.444273e+04   7.208000e+00
  7.167068e+16   3.393299e+04   7.208000e+00
  7.242753e+16   3.237530e+04   7.208000e+00
  7.308340e+16   3.015809e+04   7.208000e+00
  7.363403e+16   2.761200e+04   7.208000e+00
  7.407596e+16   2.502748e+04   7.208000e+00
  7.440716e+16   2.261913e+04   7.208000e+00
  7.462624e+16   2.056319e+04   7.208000e+00
  7.473300e+16   1.896289e+04   7.208000e+00
  7.472774e+16   1.787962e+04   7.208000e+00
  7.461172e+16   1.723077e+04   7.208000e+00
  7.438668e+16   1.686205e+04   7.208000e+00
  7.405499e+16   1.664781e+04   7.208000e+00
  7.361950e+16   1.648615e+04   7.208000e+00
  7.308340e+16   1.627991e+04   7.208000e+00
  7.245045e+16   1.593901e+04   7.208000e+00
  7.172452e+16   1.538877e+04   7.208000e+00
  7.090990e+16   1.464727e+04   7.208000e+00
  7.001103e+16   1.376396e+04   7.208000e+00
  6.903250e+16   1.278256e+04   7.208000e+00
  6.797913e+16   1.173985e+04   7.208000e+00
  6.685575e+16   1.067349e+04   7.208000e+00
  6.566727e+16   9.619377e+03   7.208000e+00
  6.441864e+16   8.614598e+03   7.208000e+00
  6.311481e+16   7.688642e+03   7.208000e+00
  6.176065e+16   6.844396e+03   7.208000e+00
  6.036104e+16   6.080709e+03   7.208000e+00
  5.892081e+16   5.394873e+03   7.208000e+00
  5.744469e+16   4.780850e+03   7.208000e+00
  5.593743e+16   4.232132e+03   7.208000e+00
  5.440360e+16   3.743400e+03   7.208000e+00
  5.284762e+16   3.311579e+03   7.208000e+00
  5.127385e+16   2.933760e+03   7.208000e+00
  4.968651e+16   2.606817e+03   7.208000e+00
  4.808951e+16   2.327136e+03   7.208000e+00
  4.648670e+16   2.090722e+03   7.208000e+00
  4.488187e+16   1.893288e+03   7.208000e+00
  4.327851e+16   1.731047e+03   7.208000e+00
  4.167996e+16   1.600118e+03   7.208000e+00
  4.008957e+16   1.496043e+03   7.208000e+00
  3.851050e+16   1.414410e+03   7.208000e+00
  3.694560e+16   1.351391e+03   7.208000e+00
  3.539767e+16   1.302591e+03   7.208000e+00
  3.386951e+16   1.262904e+03   7.208000e+00
  3.236355e+16   1.228547e+03   7.208000e+00
  3.088191e+16   1.197098e+03   7.208000e+00
  2.942670e+16   1.165715e+03   7.208000e+00
  2.800002e+16   1.131069e+03   7.208000e+00
  2.660368e+16   1.091190e+03   7.208000e+00
  2.523924e+16   1.045691e+03   7.208000e+00
  2.390827e+16   9.942269e+02   7.208000e+00
  2.261231e+16   9.364381e+02   7.208000e+00
  2.135274e+16   8.723194e+02   7.208000e+00
  2.013054e+16   8.027677e+02   7.208000e+00
  1.894666e+16   7.291037e+02   7.208000e+00
  1.780203e+16   6.530731e+02   7.208000e+00
  1.669757e+16   5.769188e+02   7.208000e+00
  1.563394e+16   5.027486e+02   7.208000e+00
  1.461153e+16   4.325110e+02   7.208000e+00
  1.363073e+16   3.686593e+02   7.208000e+00
  1.269195e+16   3.143039e+02   7.208000e+00
  1.179556e+16   2.733062e+02   7.208000e+00
  1.094171e+16   2.482769e+02   7.208000e+00
  1.013023e+16   2.394730e+02   7.208000e+00
  9.360967e+15   2.466239e+02   7.208000e+00
  8.633738e+15   2.688914e+02   7.208000e+00
  7.948376e+15   3.046435e+02   7.208000e+00
  7.304684e+15   3.515030e+02   7.208000e+00
  6.702257e+15   4.087626e+02   7.208000e+00
  6.140589e+15   4.766036e+02   7.208000e+00
  5.619172e+15   5.548548e+02   7.208000e+00
  5.137500e+15   6.428127e+02   7.208000e+00
  4.695066e+15   7.390158e+02   7.208000e+00
  4.291364e+15   8.409638e+02   7.208000e+00
  3.925886e+15   9.447891e+02   7.208000e+00
  3.598127e+15   1.044908e+03   7.208000e+00
  3.307580e+15   1.133710e+03   7.208000e+00
  3.053737e+15   1.201391e+03   7.208000e+00
  2.836093e+15   1.236075e+03   7.208000e+00
  2.654139e+15   1.224402e+03   7.208000e+00
  2.507371e+15   1.152717e+03   7.208000e+00
  2.395280e+15   1.008863e+03   7.208000e+00
