  9.947917E-02  0.000000E+00  1.488499E+00  1.381933E+00
  9.843750E-02  0.000000E+00  1.536147E+00  1.346756E+00
  9.739583E-02  0.000000E+00  1.574407E+00  1.312824E+00
  9.635417E-02  0.000000E+00  1.600379E+00  1.280099E+00
  9.531250E-02  0.000000E+00  1.606599E+00  1.248545E+00
  9.427083E-02  0.000000E+00  1.560908E+00  1.218125E+00
  9.322917E-02  0.000000E+00  1.426749E+00  1.188804E+00
  9.218750E-02  0.000000E+00  1.257589E+00  1.160548E+00
  9.114583E-02  0.000000E+00  1.196867E+00  1.133321E+00
  9.010417E-02  0.000000E+00  1.316234E+00  1.107090E+00
  8.906250E-02  0.000000E+00  1.462401E+00  1.081822E+00
  8.802083E-02  0.000000E+00  1.461080E+00  1.057484E+00
  8.697917E-02  0.000000E+00  1.350533E+00  1.034045E+00
  8.593750E-02  0.000000E+00  1.293161E+00  1.011474E+00
  8.489583E-02  0.000000E+00  1.355976E+00  9.897396E-01
  8.385417E-02  0.000000E+00  1.441555E+00  9.688122E-01
  8.281250E-02  0.000000E+00  1.459675E+00  9.486625E-01
  8.177083E-02  0.000000E+00  1.445207E+00  9.292617E-01
  8.072917E-02  0.000000E+00  1.472553E+00  9.105818E-01
  7.968750E-02  0.000000E+00  1.557011E+00  8.925952E-01
  7.864583E-02  0.000000E+00  1.654751E+00  8.752752E-01
  7.760417E-02  0.000000E+00  1.722214E+00  8.585955E-01
  7.656250E-02  0.000000E+00  1.724294E+00  8.425306E-01
  7.552083E-02  0.000000E+00  1.635437E+00  8.270553E-01
  7.447917E-02  0.000000E+00  1.512523E+00  8.121455E-01
  7.343750E-02  0.000000E+00  1.460211E+00  7.977773E-01
  7.239583E-02  0.000000E+00  1.517757E+00  7.839276E-01
  7.135417E-02  0.000000E+00  1.612484E+00  7.705740E-01
  7.031250E-02  0.000000E+00  1.672590E+00  7.576946E-01
  6.927083E-02  0.000000E+00  1.689648E+00  7.452680E-01
  6.822917E-02  0.000000E+00  1.676868E+00  7.332738E-01
  6.718750E-02  0.000000E+00  1.654536E+00  7.216918E-01
  6.614583E-02  0.000000E+00  1.650004E+00  7.105028E-01
  6.510417E-02  0.000000E+00  1.691659E+00  6.996879E-01
  6.406250E-02  0.000000E+00  1.810062E+00  6.892290E-01
  6.302083E-02  0.000000E+00  2.025842E+00  6.791085E-01
  6.197917E-02  0.000000E+00  2.252970E+00  6.693097E-01
  6.093750E-02  0.000000E+00  2.343876E+00  6.598161E-01
  5.989583E-02  0.000000E+00  2.257396E+00  6.506122E-01
  5.885417E-02  0.000000E+00  2.134114E+00  6.416829E-01
  5.781250E-02  0.000000E+00  2.102760E+00  6.330139E-01
  5.677083E-02  0.000000E+00  2.132737E+00  6.245912E-01
  5.572917E-02  0.000000E+00  2.142654E+00  6.164018E-01
  5.468750E-02  0.000000E+00  2.116024E+00  6.084331E-01
  5.364583E-02  0.000000E+00  2.101307E+00  6.006732E-01
  5.260417E-02  0.000000E+00  2.143115E+00  5.931107E-01
  5.156250E-02  0.000000E+00  2.266241E+00  5.857351E-01
  5.052083E-02  0.000000E+00  2.482463E+00  5.785362E-01
  4.947917E-02  0.000000E+00  2.707017E+00  5.715045E-01
  4.843750E-02  0.000000E+00  2.799803E+00  5.646314E-01
  4.739583E-02  0.000000E+00  2.745718E+00  5.579086E-01
  4.635417E-02  0.000000E+00  2.742773E+00  5.513284E-01
  4.531250E-02  0.000000E+00  2.947745E+00  5.448840E-01
  4.427083E-02  0.000000E+00  3.182722E+00  5.385691E-01
  4.322917E-02  0.000000E+00  3.171606E+00  5.323779E-01
  4.218750E-02  0.000000E+00  2.970651E+00  5.263053E-01
  4.114583E-02  0.000000E+00  2.968391E+00  5.203469E-01
  4.010417E-02  0.000000E+00  3.370745E+00  5.144989E-01
  3.906250E-02  0.000000E+00  3.798056E+00  5.087579E-01
  3.802083E-02  0.000000E+00  3.818544E+00  5.031215E-01
  3.697917E-02  0.000000E+00  3.579994E+00  4.975876E-01
  3.593750E-02  0.000000E+00  3.567761E+00  4.921548E-01
  3.489583E-02  0.000000E+00  3.935480E+00  4.868225E-01
  3.385417E-02  0.000000E+00  4.267011E+00  4.815906E-01
  3.281250E-02  0.000000E+00  4.196831E+00  4.764594E-01
  3.177083E-02  0.000000E+00  3.931723E+00  4.714303E-01
  3.072917E-02  0.000000E+00  3.858504E+00  4.665048E-01
  2.968750E-02  0.000000E+00  4.075016E+00  4.616855E-01
  2.864583E-02  0.000000E+00  4.390000E+00  4.569752E-01
  2.760417E-02  0.000000E+00  4.623420E+00  4.523777E-01
  2.656250E-02  0.000000E+00  4.665942E+00  4.478971E-01
  2.552083E-02  0.000000E+00  4.455906E+00  4.435383E-01
  2.447917E-02  0.000000E+00  4.288880E+00  4.393068E-01
  2.343750E-02  0.000000E+00  4.664665E+00  4.352086E-01
  2.239583E-02  0.000000E+00  5.581838E+00  4.312506E-01
  2.135417E-02  0.000000E+00  6.184756E+00  4.274401E-01
  2.031250E-02  0.000000E+00  5.772633E+00  4.237850E-01
  1.927083E-02  0.000000E+00  4.929841E+00  4.202939E-01
  1.822917E-02  0.000000E+00  4.640811E+00  4.169760E-01
  1.718750E-02  0.000000E+00  5.143832E+00  4.138412E-01
  1.614583E-02  0.000000E+00  5.930771E+00  4.108999E-01
  1.510417E-02  0.000000E+00  6.512698E+00  4.081632E-01
  1.406250E-02  0.000000E+00  6.554187E+00  4.056428E-01
  1.302083E-02  0.000000E+00  5.852103E+00  4.033511E-01
  1.197917E-02  0.000000E+00  5.276075E+00  4.013008E-01
  1.093750E-02  0.000000E+00  6.311385E+00  3.995057E-01
  9.895833E-03  0.000000E+00  9.119190E+00  3.979800E-01
  8.854167E-03  0.000000E+00  1.160230E+01  3.967383E-01
  7.812500E-03  0.000000E+00  1.196179E+01  3.957961E-01
  6.770833E-03  0.000000E+00  1.119518E+01  3.951696E-01
  5.729167E-03  0.000000E+00  1.117916E+01  3.948753E-01
  4.687500E-03  0.000000E+00  1.236614E+01  3.949306E-01
  3.645833E-03  0.000000E+00  1.378363E+01  3.953533E-01
  2.604167E-03  0.000000E+00  1.452873E+01  3.961621E-01
  1.562500E-03  0.000000E+00  1.408941E+01  3.973760E-01
  5.208333E-04  0.000000E+00  1.202591E+01  3.990149E-01
