  9.960938e-02   9.960938e-01   1.000000e+00   1.386419e+00
  9.882813e-02   9.882812e-01   1.000000e+00   1.359799e+00
  9.804688e-02   9.804688e-01   1.000000e+00   1.333887e+00
  9.726563e-02   9.726562e-01   1.000000e+00   1.308668e+00
  9.648438e-02   9.648438e-01   1.000000e+00   1.284125e+00
  9.570312e-02   9.570312e-01   1.000000e+00   1.260243e+00
  9.492188e-02   9.492188e-01   1.000000e+00   1.237006e+00
  9.414063e-02   9.414062e-01   1.000000e+00   1.214401e+00
  9.335938e-02   9.335938e-01   1.000000e+00   1.192410e+00
  9.257813e-02   9.257812e-01   1.000000e+00   1.171021e+00
  9.179688e-02   9.179688e-01   1.000000e+00   1.150219e+00
  9.101563e-02   9.101562e-01   1.000000e+00   1.129988e+00
  9.023438e-02   9.023438e-01   1.000000e+00   1.110315e+00
  8.945313e-02   8.945312e-01   1.000000e+00   1.091186e+00
  8.867188e-02   8.867188e-01   1.000000e+00   1.072588e+00
  8.789062e-02   8.789062e-01   1.000000e+00   1.054506e+00
  8.710938e-02   8.710938e-01   1.000000e+00   1.036927e+00
  8.632813e-02   8.632812e-01   1.000000e+00   1.019839e+00
  8.554688e-02   8.554688e-01   1.000000e+00   1.003227e+00
  8.476563e-02   8.476562e-01   1.000000e+00   9.870802e-01
  8.398438e-02   8.398438e-01   1.000000e+00   9.713850e-01
  8.320313e-02   8.320312e-01   1.000000e+00   9.561294e-01
  8.242188e-02   8.242188e-01   1.000000e+00   9.413010e-01
  8.164063e-02   8.164062e-01   1.000000e+00   9.268879e-01
  8.085938e-02   8.085938e-01   1.000000e+00   9.128783e-01
  8.007812e-02   8.007812e-01   1.000000e+00   8.992606e-01
  7.929688e-02   7.929688e-01   1.000000e+00   8.860235e-01
  7.851563e-02   7.851562e-01   1.000000e+00   8.731558e-01
  7.773438e-02   7.773438e-01   1.000000e+00   8.606464e-01
  7.695313e-02   7.695312e-01   1.000000e+00   8.484845e-01
  7.617188e-02   7.617188e-01   1.000000e+00   8.366596e-01
  7.539063e-02   7.539062e-01   1.000000e+00   8.251612e-01
  7.460938e-02   7.460938e-01   1.000000e+00   8.139791e-01
  7.382813e-02   7.382812e-01   1.000000e+00   8.031034e-01
  7.304688e-02   7.304688e-01   1.000000e+00   7.925241e-01
  7.226562e-02   7.226562e-01   1.000000e+00   7.822318e-01
  7.148438e-02   7.148438e-01   1.000000e+00   7.722168e-01
  7.070313e-02   7.070312e-01   1.000000e+00   7.624702e-01
  6.992188e-02   6.992188e-01   1.000000e+00   7.529827e-01
  6.914063e-02   6.914062e-01   1.000000e+00   7.437455e-01
  6.835938e-02   6.835938e-01   1.000000e+00   7.347501e-01
  6.757813e-02   6.757812e-01   1.000000e+00   7.259880e-01
  6.679688e-02   6.679688e-01   1.000000e+00   7.174509e-01
  6.601562e-02   6.601562e-01   1.000000e+00   7.091308e-01
  6.523438e-02   6.523438e-01   1.000000e+00   7.010199e-01
  6.445312e-02   6.445312e-01   1.000000e+00   6.931105e-01
  6.367188e-02   6.367188e-01   1.000000e+00   6.853950e-01
  6.289063e-02   6.289062e-01   1.000000e+00   6.778664e-01
  6.210938e-02   6.210938e-01   1.000000e+00   6.705175e-01
  6.132813e-02   6.132812e-01   1.000000e+00   6.633414e-01
  6.054688e-02   6.054688e-01   1.000000e+00   6.563315e-01
  5.976563e-02   5.976562e-01   1.000000e+00   6.494813e-01
  5.898438e-02   5.898438e-01   1.000000e+00   6.427846e-01
  5.820313e-02   5.820312e-01   1.000000e+00   6.362352e-01
  5.742188e-02   5.742188e-01   1.000000e+00   6.298272e-01
  5.664062e-02   5.664062e-01   1.000000e+00   6.235550e-01
  5.585938e-02   5.585938e-01   1.000000e+00   6.174131e-01
  5.507813e-02   5.507812e-01   1.000000e+00   6.113963e-01
  5.429688e-02   5.429688e-01   1.000000e+00   6.054993e-01
  5.351563e-02   5.351562e-01   1.000000e+00   5.997173e-01
  5.273438e-02   5.273438e-01   1.000000e+00   5.940456e-01
  5.195313e-02   5.195312e-01   1.000000e+00   5.884797e-01
  5.117188e-02   5.117188e-01   1.000000e+00   5.830153e-01
  5.039063e-02   5.039062e-01   1.000000e+00   5.776482e-01
  4.960938e-02   4.960938e-01   1.000000e+00   5.723746e-01
  4.882812e-02   4.882812e-01   1.000000e+00   5.671908e-01
  4.804688e-02   4.804688e-01   1.000000e+00   5.620931e-01
  4.726563e-02   4.726562e-01   1.000000e+00   5.570784e-01
  4.648438e-02   4.648438e-01   1.000000e+00   5.521434e-01
  4.570313e-02   4.570312e-01   1.000000e+00   5.472852e-01
  4.492188e-02   4.492188e-01   1.000000e+00   5.425011e-01
  4.414063e-02   4.414062e-01   1.000000e+00   5.377886e-01
  4.335938e-02   4.335938e-01   1.000000e+00   5.331452e-01
  4.257813e-02   4.257812e-01   1.000000e+00   5.285689e-01
  4.179688e-02   4.179688e-01   1.000000e+00   5.240578e-01
  4.101562e-02   4.101562e-01   1.000000e+00   5.196100e-01
  4.023438e-02   4.023438e-01   1.000000e+00   5.152240e-01
  3.945313e-02   3.945312e-01   1.000000e+00   5.108984e-01
  3.867188e-02   3.867188e-01   1.000000e+00   5.066321e-01
  3.789063e-02   3.789062e-01   1.000000e+00   5.024242e-01
  3.710938e-02   3.710938e-01   1.000000e+00   4.982737e-01
  3.632813e-02   3.632812e-01   1.000000e+00   4.941803e-01
  3.554688e-02   3.554688e-01   1.000000e+00   4.901435e-01
  3.476563e-02   3.476562e-01   1.000000e+00   4.861630e-01
  3.398437e-02   3.398438e-01   1.000000e+00   4.822391e-01
  3.320312e-02   3.320312e-01   1.000000e+00   4.783717e-01
  3.242188e-02   3.242188e-01   1.000000e+00   4.745615e-01
  3.164063e-02   3.164062e-01   1.000000e+00   4.708089e-01
  3.085938e-02   3.085938e-01   1.000000e+00   4.671148e-01
  3.007812e-02   3.007812e-01   1.000000e+00   4.634801e-01
  2.929688e-02   2.929688e-01   1.000000e+00   4.599062e-01
  2.851563e-02   2.851562e-01   1.000000e+00   4.563943e-01
  2.773438e-02   2.773438e-01   1.000000e+00   4.529461e-01
  2.695313e-02   2.695312e-01   1.000000e+00   4.495633e-01
  2.617187e-02   2.617188e-01   1.000000e+00   4.462480e-01
  2.539062e-02   2.539062e-01   1.000000e+00   4.430023e-01
  2.460938e-02   2.460938e-01   1.000000e+00   4.398285e-01
  2.382813e-02   2.382812e-01   1.000000e+00   4.367294e-01
  2.304687e-02   2.304688e-01   1.000000e+00   4.337076e-01
  2.226562e-02   2.226562e-01   1.000000e+00   4.307661e-01
  2.148438e-02   2.148438e-01   1.000000e+00   4.279081e-01
  2.070313e-02   2.070312e-01   1.000000e+00   4.251369e-01
  1.992188e-02   1.992188e-01   1.000000e+00   4.224561e-01
  1.914062e-02   1.914062e-01   1.000000e+00   4.198695e-01
  1.835937e-02   1.835938e-01   1.000000e+00   4.173809e-01
  1.757812e-02   1.757812e-01   1.000000e+00   4.149946e-01
  1.679688e-02   1.679688e-01   1.000000e+00   4.127149e-01
  1.601563e-02   1.601562e-01   1.000000e+00   4.105464e-01
  1.523437e-02   1.523438e-01   1.000000e+00   4.084937e-01
  1.445312e-02   1.445312e-01   1.000000e+00   4.065619e-01
  1.367188e-02   1.367188e-01   1.000000e+00   4.047559e-01
  1.289063e-02   1.289062e-01   1.000000e+00   4.030813e-01
  1.210938e-02   1.210938e-01   1.000000e+00   4.015435e-01
  1.132812e-02   1.132812e-01   1.000000e+00   4.001481e-01
  1.054687e-02   1.054688e-01   1.000000e+00   3.989012e-01
  9.765625e-03   9.765625e-02   1.000000e+00   3.978089e-01
  8.984375e-03   8.984375e-02   1.000000e+00   3.968774e-01
  8.203125e-03   8.203125e-02   1.000000e+00   3.961133e-01
  7.421875e-03   7.421875e-02   1.000000e+00   3.955233e-01
  6.640625e-03   6.640625e-02   1.000000e+00   3.951143e-01
  5.859375e-03   5.859375e-02   1.000000e+00   3.948933e-01
  5.078125e-03   5.078125e-02   1.000000e+00   3.948678e-01
  4.296875e-03   4.296875e-02   1.000000e+00   3.950451e-01
  3.515625e-03   3.515625e-02   1.000000e+00   3.954329e-01
  2.734375e-03   2.734375e-02   1.000000e+00   3.960392e-01
  1.953125e-03   1.953125e-02   1.000000e+00   3.968721e-01
  1.171875e-03   1.171875e-02   1.000000e+00   3.979397e-01
  3.906250e-04   3.906250e-03   1.000000e+00   3.992506e-01
